dd density
0.50 0.32312
1.50 0.11395
2.50 0.08187
3.50 0.06460
4.50 0.05240
5.50 0.04123
6.50 0.02889
7.50 0.02395
8.50 0.01829
9.50 0.01611
10.50 0.01539
11.50 0.01568
12.50 0.01553
13.50 0.01553
14.50 0.01495
15.50 0.01335
16.50 0.01263
17.50 0.01713
18.50 0.01190
19.50 0.00929
20.50 0.01074
21.50 0.00784
22.50 0.00987
23.50 0.00856
24.50 0.00784
25.50 0.00494
26.50 0.00261
27.50 0.00377
28.50 0.00406
29.50 0.00421
30.50 0.00203
31.50 0.00174
32.50 0.00102
33.50 0.00116
34.50 0.00087
35.50 0.00145
36.50 0.00174
37.50 0.00131
38.50 0.00218
39.50 0.00247
40.50 0.00305
41.50 0.00305
42.50 0.00174
43.50 0.00145
44.50 0.00087
45.50 0.00073
46.50 0.00073
47.50 0.00073
48.50 0.00015
49.50 0.00029
50.50 0.00044
51.50 0.00015
52.50 0.00044
53.50 0.00000
54.50 0.00000
55.50 0.00000
56.50 0.00000
57.50 0.00000
58.50 0.00000
